Average Precision Per-class:
beluga: 0.001858782976535203
bluewhale: 0.5332862589554396
boat: 0.25825832238472113
hump: 0.07069388368165894
orca: 0.0018921613342535613

Average Precision Across All Classes:0.17319788186652169

